274
276
278
280
282
284
286
288
290
292
294
296
298
300
302
306
308
310
312
314
316
320
334
340
342
364
366
368
370
374
378
382
386
390
394
398
402
406
410
414
418
480
1164
1200
1222
1226
1236
1252
1256
1260
1264
1268
1272
1328
1332
1336
1340
1856
1858
1860
1862
1878
1886
6292
6296
6300
6304
6308
6312
6370
6374
6378
6414
6418
6422
6426
6448
6460
6464
6468
6472
6476
6480
6484
7110
7114
7118
7122
7126
7130
7172
7176
7180
7184
7212
7216
7240
7244
7248
7252
7274
7286
7290
7294
7298
7302
7306
7390
7404
8794
8798
8802
9616
9620
9624
9628
9632
9640
9644
9694
9698
9702
9706
9710
9714
9778
9796
9800
9804
9808
9830
9838
9842
9846
9850
9854
9858
9864
9890
11382
11386
11404
11408
11412
11416
11420
11424
11428
11432
11436
11440
11444
11448
11452
11538
11548
11562
11566
11570
11574
11602
11606
11610
11614
11618
11622
11676
11688
11716
11742
13130
13166
13170
13178
13182
13186
13262
13272
13276
13280
13340
13356
13360
13364
13444
13446
13448
13450
14078
14082
14116
14120
14124
14128
14132
14136
14216
14220
14224
14294
14298
14302
14306
14310
14314
14318
14392
14836
14838
14840
14842
14844
14846
14848
14932
14936
14940
14944
14948
14952
15038
15042
15046
15100
15104
15108
15112
15116
15120
15186
15190
15194
15198
15202
15206
15264
15268
15272
15276
15308
15312
15316
15334
15338
15342
15346
15350
15354
16042
16046
16050
16054
16058
16062
16066
16142
16146
16150
16154
16158
16162
16166
16220
16224
16248
16252
16256
16260
16264
16268
16272
16362
16376
17654
17658
17662
17666
17670
17674
17678
17758
17762
17766
17770
17774
17838
17842
17846
17850
17898
17910
17914
17918
17922
19378
19382
19386
19390
19394
19398
19402
19490
19494
19498
19502
19554
19558
19562
19566
19570
19574
19642
19656
19664
19668
19672
19676
22438
22442
22446
22450
22454
22508
22512
22516
22520
22524
22528
22610
22614
22618
22622
23036
23060
23064
23068
23072
23108
23112
23116
23120
23124
23128
23132
23206
23210
23214
23218
23610
23614
23618
23622
23626
23630
23674
23678
23682
23686
23690
23728
23732
23736
23740
23744
23748
23752
23756
23760
23764
23768
23772
23776
23858
23862
23866
23870
23874
23878
23918
23928
24312
24318
24322
24326
24330
24360
24364
24368
24372
24376
24380
24384
24388
24392
24396
24400
24404
24408
24548
24924
24938
24942
24946
24950
24994
25064
25068
25072
25076
25080
25138
25824
25828
25832
25836
25840
25844
25886
25890
25894
25898
25902
25906
25910
25914
25918
25922
25926
25930
25934
26018
26022
26026
26030
26034
26038
26078
26088
26098
26108
26884
26888
26892
26896
26900
26904
26908
26982
26996
27018
27088
27092
27096
27100
27104
27158
28354
28356
28358
28360
28362
28364
28366
28368
28370
28372
28374
28376
28378
28380
28382
28384
28386
28388
28390
28392
28394
28396
28398
28400
28402
28566
28570
28578
28582
28902
28906
28910
28914
28918
28922
28926
28930
29000
29002
29004
29006
29008
29010
29014
29018
29022
29058
29064
29068
29072
29100
29308
29312
29316
29320
29352
29362
29366
29370
29392
29396
29400
29404
29408
29412
29416
29428
29432
29436
29440
29444
29530
29536
29538
29540
29544
29548
29552
29588
29592
29596
29600
29898
29902
29912
29916
29962
29966
29970
29998
30028
30078
30092
30112
30142
30146
30152
30156
30160
30168
30508
30512
30516
30554
30558
30562
30598
30600
30602
30604
30606
30608
30610
30614
30618
30622
30626
30672
30676
30680
30684
31262
31266
31270
31274
31278
31282
31354
31356
31358
31360
31362
31364
31366
31370
31374
31378
31382
31386
31468
31472
31476
31480
31524
32242
32244
32246
32248
32250
32252
32254
32262
32266
32270
32274
32278
32332
32336
32340
32376
32380
32384
32420
32424
32428
32432
32496
33762
33766
33770
33774
33780
33784
33850
33872
33874
33878
33882
33886
33892
33896
33900
33956
33966
33980
34030
34034
34038
34060
34064
34068
34072
34076
34080
34176
34180
34184
34210
34212
34214
34216
34218
34260
34264
34268
34272
34300
34310
34320
34332
34336
34340
34344
34348
34352
34356
34360
34364
34368
34372
34376
34458
34462
34466
34550
34560
34582
34586
34590
34594
34598
34634
34638
34642
34646
34650
34654
34658
34662
34716
34720
34724
34728
34732
34736
34816
34870
34884
34898
34912
34928
34954
35802
35812
35832
35836
35860
35864
35868
35872
35876
35880
35884
35960
36040
36054
36112
36116
36120
36126
36130
36134
36138
36142
36146
36150
36154
36324
36338
36344
36348
36384
36402
36406
36410
36414
36418
36422
36496
36600
36604
36608
36612
36616
36620
36624
36628
36724
36728
36732
36736
36740
36744
36748
36752
36874
37318
37328
37334
37520
37524
37528
37562
37610
37614
37618
37622
37626
37802
37828
37976
37980
37984
38018
38022
38026
38030
38206
38216
38226
38236
38246
38256
38266
38278
38292
38304
38308
38312
38334
38338
38350
38354
38358
38362
38368
38372
38376
38380
38384
38388
38396
38400
38476
38494
38876
38880
38884
38918
38922
38926
38960
38964
38968
39002
39006
39312
39326
39330
39354
39368
40752
40756
40760
40782
40786
40790
40794
40822
40826
40830
40834
40838
40842
40848
40852
40856
40860
40864
40868
40872
40876
40880
41010
41014
41030
41034
41038
41042
41046
41050
41054
41058
41062
41066
41070
41074
41150
41160
41170
42170
42174
42194
42198
42202
42206
42210
42214
42218
42222
42226
42230
42234
42238
42242
42246
42250
42382
42386
42390
42394
42422
42426
42430
42434
42438
42442
42446
42450
42454
42458
42462
42466
42542
42560
44008
44054
44086
44090
44094
44098
44102
44106
44180
44194
44208
44444
44448
44472
44486
44500
44516
44530
44590
44614
44620
44624
44628
44632
44636
44690
44694
44698
44732
44746
44760
45118
45132
45158
45162
45166
45170
45174
45210
45214
45218
45222
45226
45230
45234
45238
45242
45264
45268
45272
45276
45280
45284
45288
45292
45346
45848
45852
45860
45876
45920
45936
45950
45964
45978
45992
46872
46876
46880
46884
46888
46892
46896
46900
47042
47056
47060
47064
47068
47072
47076
47080
51006
51010
51014
51018
51076
51080
51084
51088
51134
51148
51152
51156
51190
51194
51198
51202
51206
51210
51214
51218
51310
51314
51318
51322
51788
51792
51796
51818
51822
51826
51830
51834
51868
52142
52156
52160
52164
52168
52190
52194
52212
53418
53422
53426
53430
53434
53438
53442
53518
53522
53526
53560
53564
53568
53572
53576
53630
53634
53638
53640
53644
53648
53702
53806
53810
53816
53822
53826
53858
53862
53886
53890
53894
53898
53902
53970
53974
53978
53982
53986
53990
53994
53998
55920
55924
55928
55932
55936
55992
56002
56012
56364
56368
56372
56376
56380
56384
56388
56456
56460
56548
56552
56560
56564
56568
56572
56576
56580
56584
56688
56748
56762
56780
56784
56882
57672
57686
57700
57714
57718
57742
57746
57750
57754
57758
57762
57766
57770
57774
57778
57782
57786
57926
57930
57934
57938
57942
57996
58014
58102
58106
58110
58114
58118
58186
58190
58194
58198
58202
58282
58296
58310
58324
58338
58352
58432
59076
59080
59084
59088
59092
59164
59168
59172
59176
59180
59184
59188
59192
59196
59262
59266
59270
59274
59278
59282
59286
59290
59294
59298
59302
59306
59310
59314
59318
59418
59422
59426
59430
59434
59438
59442
59820
59824
59828
59832
59836
59918
59922
59926
59930
59938
59942
59946
59950
59954
59958
59962
59966
59970
59974
60072
60114
60126
60136
60148
60158
60168
61158
61162
61166
61170
61214
61218
61222
61226
61230
61332
61336
61340
61374
61378
61382
61386
61390
61394
61476
62532
62544
62572
63002
63006
63010
63014
63018
63022
63086
63146
63160
63164
63168
63172
63176
63180
63184
63188
63192
63286
63300
63314
65468
65472
65476
65514
65518
65522
65526
65530
65534
65538
65542
65546
65642
65646
65650
65654
65698
65716
66162
66166
66170
66174
66178
66214
66218
66222
66226
66230
66266
66270
66274
66278
66282
66286
66290
66294
66298
66362
66366
66370
66374
66378
66382
66386
66390
66394
66398
66402
66406
66410
66414
66418
66514
66518
66522
66526
66530
66534
67558
67562
67566
67588
67592
67596
67618
67622
67626
67630
67634
67690
67694
67710
67784
67804
67808
67812
67816
67820
67824
67828
67832
67920
67934
67948
68338
68342
68346
68350
68354
68358
68362
68366
68450
68464
68480
68494
69148
69152
69156
69160
69214
69228
69294
69298
69306
69308
69312
69316
69320
69364
69368
69374
69430
69456
69460
69464
69468
69472
69528
69532
69536
69540
69584
69648
69652
69656
69660
69664
69720
69728
69732
69768
69772
69776
69832
69836
69840
71254
71258
71262
71266
71270
71274
71340
71344
71348
71352
71436
71440
71578
71582
71586
71590
71594
71630
71634
71638
71642
71646
71650
71690
71694
71698
71702
71706
71710
71750
71760
72092
72096
72100
72104
72108
72112
72116
72166
72170
72174
72178
72182
72186
72190
72542
72546
72550
72554
72558
72562
72566
72570
72574
72670
72718
72722
72748
72752
72756
72790
72804
73682
73686
73690
73694
73742
73746
73750
73754
73758
73812
73824
73872
73876
73880
73884
73912
73916
73920
73924
73928
73962
73972
74030
74044
74058
74072
74086
74100
74114
74176
74202
74452
74518
74530
74534
74538
74578
74610
74614
75532
75552
75562
75572
75582
75756
76248
76252
76256
76282
76286
76290
76294
76298
76302
76306
76310
76314
76580
76590
76610
76620
76630
76640
76650
77104
77108
77112
77116
77120
77212
77216
77220
77224
77228
77282
77286
77290
77294
77340
77354
77368
77372
77808
77812
77816
77820
77824
77864
77868
77872
77962
77966
77970
77974
77978
78014
78018
78022
78026
78030
78100
78104
78108
78130
78140
78596
78622
78626
78630
78700
78704
78730
78734
78738
78742
78824
78828
78832
79638
79652
79666
79680
79736
79740
79770
79774
79778
79782
79882
79902
79970
79984
80032
80036
80040
80044
80088
80092
80096
80100
80104
80108
80214
80218
80232
80464
80468
80472
80476
80480
80484
80488
80492
80496
80500
80504
80508
80512
80516
80520
80612
80616
80620
80682
80686
80690
80724
80728
80732
80736
80740
80744
80870
80884
80920
80934
80976
80980
80984
81026
81030
81034
81038
81042
81046
81050
81054
81728
81790
81794
81798
81802
81810
81822
81830
81836
81840
81844
81848
81852
81860
81864
81868
81872
81876
81880
81884
81888
81892
81896
82386
82396
82406
82410
82430
82434
82450
82458
82468
82484
83444
83448
83452
83456
83516
83520
83524
83564
83568
83572
83576
83580
83584
83588
83594
83774
83778
83800
83804
84348
84352
84378
84382
84386
84422
84448
84452
84456
84460
84596
84600
84604
84698
84716
84720
84724
84778
84808
84848
84858
84914
84934
85154
85158
85162
85166
85170
85238
85242
85268
85272
85314
85318
85322
85326
85330
85334
85560
85564
85568
85572
85576
85610
85614
85618
85622
85626
85662
85666
85676
85680
85684
85706
85716
85918
85922
85926
85950
85954
85958
85962
85966
86000
86010
86014
86018
86022
86026
86030
86034
86038
86042
86046
86050
86054
86058
86062
86066
86160
86164
86168
86172
86176
86180
86184
86188
86270
86280
86290
86848
86852
86856
89120
89124
89128
89132
89136
89160
89528
89532
89536
89540
89544
89548
89624
89628
89632
89636
89640
89644
89648
89652
89656
89660
89664
89668
89672
89676
89680
89744
89758
89792
90670
90674
90748
90764
91414
91418
91422
91426
91460
91464
91468
91472
91476
91480
91484
91488
91492
91552
91596
91822
91828
91842
91858
91862
91866
91870
91930
91944
92286
92290
92294
92298
92302
92306
92310
92388
92392
92396
92400
92446
92460
92464
92504
92508
92512
92516
92520
92524
92528
93208
93212
93216
93220
93224
93228
93232
93236
93240
93244
93248
93252
93256
93260
93264
93268
93298
93308
93312
93316
93320
93324
93328
93506
93508
93512
93516
93538
93542
93546
93568
93572
93576
93580
93608
93612
93616
93620
93648
93652
93656
93708
93926
94042
94682
94686
94690
94694
94698
94702
94706
94710
94714
94718
94722
94726
94730
94738
94742
94962
94966
94970
94974
95018
95034
95048
95104
95108
95112
95116
95120
95124
95128
95180
95184
95188
95192
95196
95200
95204
95588
95592
95596
95600
95644
95648
95652
95656
95700
95716
95730
95744
95748
95752
95834
95838
95842
95846
95850
95854
95858
95862
95866
95870
95936
95992
95996
96000
96004
96008
96012
96078
96082
96106
96110
96114
96234
96238
96242
96306
96710
96714
96718
96722
96726
96730
96734
96738
96800
96804
96808
96812
96816
96860
96864
96868
96872
96876
96880
96884
97028
97044
97048
97424
97668
97672
97676
97680
97684
97688
97692
97696
97700
97704
97708
97712
97716
97720
97866
97870
97874
97928
97932
97936
97940
97944
98000
98004
98028
100026
100030
100034
100038
100042
100052
100062
100072
100082
100092
100102
100112
100120
100134
100138
100142
100146
100150
100186
100190
100194
100198
100226
100230
100234
100240
100244
100248
100288
100296
100300
100304
100308
100312
100368
100372
100396
100410
100624
100638
100642
100646
100682
100686
100690
100726
100862
100876
100890
101344
101348
101398
101402
101718
101722
101748
101752
101756
101760
101764
101768
101772
101858
101862
101880
101884
101888
101892
101956
101960
101964
101998
102068
102072
102246
102270
102284
102356
102360
102364
102466
102470
102474
102510
102514
102518
102522
102526
102530
102534
102538
102622
102626
102630
102634
102638
102642
102646
102650
102654
102658
102962
102970
102978
103016
103020
103178
103182
103186
103190
103194
103198
103202
103206
103210
103214
103218
103222
103226
103230
103234
104450
104532
104546
104880
104912
104916
104918
104920
104924
104928
105008
105012
105016
105020
105024
105078
105082
105142
105146
105150
105154
105158
105162
105166
105170
105174
105178
105182
105186
105190
105194
105198
105600
105658
105662
105666
105670
105674
105840
105844
105848
105852
105860
105864
105868
105872
105876
105880
105884
105888
105892
105896
105902
105906
105910
105914
105918
105922
105926
105930
105934
105938
105942
105946
106024
106028
106032
106558
106562
106566
106570
106574
106578
106582
106586
106590
106594
106598
106602
106606
106610
106614
106618
106622
106626
106630
106634
106638
106642
106646
106650
107828
107832
107836
107840
107906
107910
107914
107918
107922
107926
107992
107996
108000
108004
108008
108044
108048
108052
108056
108060
108064
108068
108072
108076
108080
108084
108088
108092
108096
108100
108176
108180
108184
108254
108258
108262
108314
108318
108322
108326
108330
108334
108338
108342
108346
108424
108428
108432
108436
108440
108444
108448
108452
108458
108462
108466
108470
108474
108590
108594
108598
108602
108606
108730
108734
108738
108742
108746
108750
108754
108758
108762
108766
108770
108774
108778
108782
108786
108800
108852
108856
108860
108864
108868
108872
108876
108880
108884
108888
108892
108896
108900
108904
108908
108994
108998
109002
109006
109010
109014
109018
109022
109026
109030
109034
109038
109042
109046
109050
109096
109100
109104
109108
109112
109116
109120
109124
109164
109168
109170
109174
109178
109182
109186
109190
109194
109198
109202
109206
110182
110186
110190
110194
110198
110202
110206
110210
110214
110218
110222
110226
110230
111582
111586
111590
111594
111598
111602
111606
111610
111614
111618
111622
111626
111630
111634
113190
113194
113198
113202
113328
113332
113336
113340
113344
113348
113352
113356
113446
113462
113490
113494
113498
113502
113506
113510
113514
113518
113980
113984
113988
113992
113996
114000
114004
114008
114016
114020
114024
114028
114032
114036
114040
114044
114048
114052
114056
114062
114066
114070
114076
116418
116422
116426
116430
116434
116442
116446
116450
116454
116458
116526
116542
116546
116550
116610
116614
116618
116622
116626
116630
116634
116638
116642
116646
116650
116654
116658
116662
116666
118090
118104
118108
118136
118140
118144
118148
118152
118156
118160
118164
118168
118498
118502
118506
118510
118514
118518
118522
118526
118530
118534
118538
118542
118546
118550
118554
118560
118564
118884
118888
118892
118896
118900
119214
119218
119222
119226
119230
119234
119238
119242
119246
119250
119254
119258
119288
119292
119296
119300
119376
119380
119384
119388
119392
119396
119400
119404
119408
119412
119416
119420
119424
120428
120432
120436
120440
120444
120448
120452
120456
120460
120464
120468
120472
120476
120480
120484
120586
120590
120594
120598
121170
121174
121178
121182
121186
121190
121194
121198
121202
121206
121232
121236
121240
121244
121248
121252
121336
121340
121344
121348
121352
121356
121360
121364
121368
121372
121376
123140
123144
123148
123152
123156
124496
124500
124508
124512
124516
124520
124524
124542
124554
124558
124562
124566
124570
124574
124578
125216
125220
125224
125228
125422
125426
125430
125434
125438
125442
125446
125450
125454
125458
125462
125466
125470
125474
125478
125484
125488
125492
125496
125500
125504
125508
125512
125516
125520
125580
125584
125588
125592
125596
125600
125604
125608
125612
125616
125620
125624
125628
125632
125636
126328
126332
126336
126340
126344
126378
126382
126386
126390
126394
126398
126402
126406
126410
126414
126696
126700
126704
126708
126712
126746
126750
126754
126758
126762
126766
126770
126774
126778
126782
126786
126790
126794
127794
127820
128200
128204
128208
128212
128216
128220
128224
128228
128232
128236
128264
128268
128282
128298
128566
128570
128574
128954
128958
128962
128966
128970
128974
128978
128982
128986
128990
128994
128998
129002
129006
129010
129014
129714
129718
129722
129726
129730
129734
129738
129742
129746
129986
129990
129994
130370
130374
130378
130382
130386
130390
130394
130398
130402
130406
130410
130414
130418
130422
130632
130636
130640
130644
130648
130652
130656
130660
130668
130672
130676
130680
130684
130688
130692
130696
130700
130704
130708
130712
130716
130720
130724
130910
130914
130918
130922
130926
131864
131868
131872
131876
131880
132230
132234
132238
132242
132246
132250
132254
132258
132380
132384
132388
132392
132396
132400
132404
132408
132412
132416
132420
132424
132428
132432
133636
133650
133654
133658
133662
133666
133670
133674
133678
133682
135560
135584
135588
135612
135624
135628
135632
135716
135720
135724
135728
135732
135736
135740
135744
135748
135752
135756
135760
135764
135768
135772
135910
135914
135918
135922
135926
135930
135934
135942
135996
136000
136044
136048
136052
136056
136060
137252
137268
137288
137306
137320
137334
138102
138106
138110
138114
138118
138232
138236
138240
138244
138248
138252
138256
138260
138264
138268
138272
138276
138280
97312
97314
97316
97318
103116
